952
1203
1034
1234
941
1327
1260
1196
935
1213
980
1184
1178
1325
1028
1185
1153
941
1222
1249
935
1368
1201
943
1210
1349
1066
1234
1159
880
1255
1239
1261
1177
848
1171
1297
1005
1201
1522
1524
1294
1021
1229
975
1396
1232
1400
1206
802
1282
1508
964
1267
966
1250
908
1283
1187
935
1190
1285
1175
948
1539
1061
1160
1174
868
1283
1236
853
1294
1010
1143
862
1137
1228
1131
1237
866
1163
1106
796
1207
1659
1103
824
1088
1106
1007
1135
1313
1196
1406
840
1148
1156
892
1192
1150
1145
872
1079
1275
1311
1125
1115
1057
1093
878
1540
1138
1072
781
1130
872
1198
890
1050
1689
1102
933
1090
1159
1103
1052
726
1521
1086
1089
929
1168
927
1056
1499
1234
1141
1154
1296
1132
1125
867
1442
1194
870
1095
918
1225
1761
1136
968
1177
880
1168
