164262
1133
1008
1036
1126
1227
1082
1033
1040
778
1060
1147
1099
951
1165
1156
1152
889
1191
1090
828
1569
1153
768
1118
1191
1195
1139
1070
1106
1133
810
1228
1121
802
1104
914
1197
868
1175
1206
922
1144
1099
1080
1088
831
1225
1117
833
1041
895
1132
1023
1110
1319
1261
1157
1114
1093
1080
823
1220
1046
736
1041
1057
824
1024
1245
1022
1124
924
1102
1107
969
1104
773
1266
1176
851
1120
953
1178
1047
1183
962
1244
962
1178
940
1125
1237
1704
1149
836
1097
937
1049
748
1129
923
1263
1269
1177
1127
791
1208
1101
1110
1116
950
1084
1266
1318
1102
887
1145
827
1188
1085
740
1313
1106
1108
1227
966
1101
1719
1103
1155
915
1149
779
1175
1081
799
1426
1159
1133
1184
980
1103
1146
819
1202
885
1099
798
1201
1115
784
1036
942
